{
    "smpl_pose": [
        [
            [
                1.0,
                0.0,
                0.0
            ],
            [
                0.0,
                0.93969262,
                0.34202014
            ],
            [
                0.0,
                -0.34202014,
                0.93969262
            ]
        ],
        [
            [
                1.0,
                0.0,
                0.0
            ],
            [
                0.0,
                0.96592583,
                0.25881905
            ],
            [
                0.0,
                -0.25881905,
                0.96592583
            ]
        ],
        [
            [
                1.0,
                0.0,
                0.0
            ],
            [
                0.0,
                0.96592583,
                0.25881905
            ],
            [
                0.0,
                -0.25881905,
                0.96592583
            ]
        ],
        [
            [
                1.0,
                0.0,
                0.0
            ],
            [
                0.0,
                0.98480775,
                0.17364818
            ],
            [
                0.0,
                -0.17364818,
                0.98480775
            ]
        ],
        [
            [
                1.0,
                0.0,
                0.0
            ],
            [
                0.0,
                0.90630779,
                -0.42261826
            ],
            [
                0.0,
                0.42261826,
                0.90630779
            ]
        ],
        [
            [
                1.0,
                0.0,
                0.0
            ],
            [
                0.0,
                0.90630779,
                -0.42261826
            ],
            [
                0.0,
                0.42261826,
                0.90630779
            ]
        ],
        [
            [
                1.0,
                0.0,
                0.0
            ],
            [
                0.0,
                0.9961947,
                0.08715574
            ],
            [
                0.0,
                -0.08715574,
                0.9961947
            ]
        ],
        [
            [
                1.0,
                0.0,
                0.0
            ],
            [
                0.0,
                0.98480775,
                0.17364818
            ],
            [
                0.0,
                -0.17364818,
                0.98480775
            ]
        ],
        [
            [
                1.0,
                0.0,
                0.0
            ],
            [
                0.0,
                0.98480775,
                0.17364818
            ],
            [
                0.0,
                -0.17364818,
                0.98480775
            ]
        ],
        [
            [
                1.0,
                0.0,
                0.0
            ],
            [
                0.0,
                0.9961947,
                0.08715574
            ],
            [
                0.0,
                -0.08715574,
                0.9961947
            ]
        ],
        [
            [
                1.0,
                0.0,
                0.0
            ],
            [
                0.0,
                1.0,
                0.0
            ],
            [
                0.0,
                0.0,
                1.0
            ]
        ],
        [
            [
                1.0,
                0.0,
                0.0
            ],
            [
                0.0,
                1.0,
                0.0
            ],
            [
                0.0,
                0.0,
                1.0
            ]
        ],
        [
            [
                1.0,
                0.0,
                0.0
            ],
            [
                0.0,
                1.0,
                0.0
            ],
            [
                0.0,
                0.0,
                1.0
            ]
        ],
        [
            [
                1.0,
                0.0,
                0.0
            ],
            [
                0.0,
                1.0,
                0.0
            ],
            [
                0.0,
                0.0,
                1.0
            ]
        ],
        [
            [
                1.0,
                0.0,
                0.0
            ],
            [
                0.0,
                1.0,
                0.0
            ],
            [
                0.0,
                0.0,
                1.0
            ]
        ],
        [
            [
                1.0,
                0.0,
                0.0
            ],
            [
                0.0,
                1.0,
                0.0
            ],
            [
                0.0,
                0.0,
                1.0
            ]
        ],
        [
            [
                1.0,
                0.0,
                0.0
            ],
            [
                0.0,
                1.0,
                0.0
            ],
            [
                0.0,
                0.0,
                1.0
            ]
        ],
        [
            [
                1.0,
                0.0,
                0.0
            ],
            [
                0.0,
                1.0,
                0.0
            ],
            [
                0.0,
                0.0,
                1.0
            ]
        ],
        [
            [
                1.0,
                0.0,
                0.0
            ],
            [
                0.0,
                1.0,
                0.0
            ],
            [
                0.0,
                0.0,
                1.0
            ]
        ],
        [
            [
                1.0,
                0.0,
                0.0
            ],
            [
                0.0,
                1.0,
                0.0
            ],
            [
                0.0,
                0.0,
                1.0
            ]
        ],
        [
            [
                1.0,
                0.0,
                0.0
            ],
            [
                0.0,
                1.0,
                0.0
            ],
            [
                0.0,
                0.0,
                1.0
            ]
        ],
        [
            [
                1.0,
                0.0,
                0.0
            ],
            [
                0.0,
                1.0,
                0.0
            ],
            [
                0.0,
                0.0,
                1.0
            ]
        ],
        [
            [
                1.0,
                0.0,
                0.0
            ],
            [
                0.0,
                1.0,
                0.0
            ],
            [
                0.0,
                0.0,
                1.0
            ]
        ],
        [
            [
                1.0,
                0.0,
                0.0
            ],
            [
                0.0,
                1.0,
                0.0
            ],
            [
                0.0,
                0.0,
                1.0
            ]
        ]
    ]
}